  20 base-pairs
   0  ***local base-pair & step parameters***
       Shear  Stretch  Stagger Buckle Prop-Tw Opening   Shift  Slide    Rise    Tilt    Roll   Twist
A-T    -0.06   -0.02   -0.03    0.12   -6.91    0.44    0.00    0.00    0.00    0.00    0.00    0.00
A-T    -0.17   -0.05    0.10    8.24   -1.52    0.13   -0.06   -0.03    3.17   -1.48    1.32   31.92
G-C     0.11   -0.04    0.14   -8.69   -0.69   -0.40   -0.14   -0.67    3.46   -1.73    2.51   35.40
T-A    -0.16   -0.06   -0.29   -6.44   -7.40    0.10    0.02   -0.39    3.38    1.41   -0.21   36.06
A-T    -0.16   -0.06   -0.29   -6.42   -7.41    0.11    0.00    0.17    3.19    0.18    8.49   33.14
C-G     0.14   -0.04    0.04   -8.12   -4.40    0.07   -0.10   -0.29    3.31   -0.69    0.25   34.92
A-T    -0.19   -0.08   -0.01   -2.83  -14.25   -0.39   -0.24    0.11    3.42    2.15   11.42   31.05
A-T    -0.17   -0.07   -0.25   -3.27   -2.11   -0.48   -0.21    0.04    3.29   -1.91    1.83   34.97
A-T    -0.16   -0.06    0.08    5.34   -3.76   -0.59   -0.08   -0.17    3.30   -2.10    1.05   36.17
C-G     0.11   -0.04    0.14   -8.70   -0.67   -0.40    0.06   -0.53    3.46   -1.84    0.58   36.52
T-A    -0.17   -0.05    0.10    8.25   -1.52    0.13   -0.14   -0.67    3.46   -1.72    2.51   35.40
T-A    -0.17   -0.07   -0.25   -3.26   -2.13   -0.48    0.06   -0.33    3.25   -1.90    0.21   34.61
T-A     0.15   -0.05   -0.03   -1.42   -8.21    0.54   -0.11   -0.28    3.27   -0.69    1.67   33.47
C-G     0.08    0.01    0.06    1.54   -9.40    0.72   -0.09   -0.45    3.47    1.63    3.87   35.91
T-A    -0.17   -0.05    0.10    8.24   -1.53    0.14   -0.06   -0.79    3.45   -1.34    1.97   33.28
T-A    -0.19   -0.08   -0.01   -2.83  -14.25   -0.38   -0.12    0.05    3.27   -2.79    0.43   36.29
G-C     0.14   -0.04    0.04   -8.11   -4.41    0.06   -0.24    0.11    3.42    2.15   11.41   31.04
T-A    -0.16   -0.06   -0.29   -6.45   -7.41    0.12   -0.10   -0.29    3.31   -0.69    0.24   34.91
A-T     0.09    0.02   -0.07   -3.47   -5.23    0.34    0.03   -0.15    3.29   -0.50    9.42   33.75
T-A    -0.06   -0.02   -0.03    0.11   -6.92    0.42   -0.06   -0.08    3.12    0.18    2.01   30.17
