  20 base-pairs
   0  ***local base-pair & step parameters***
       Shear  Stretch  Stagger Buckle Prop-Tw Opening   Shift  Slide    Rise    Tilt    Roll   Twist
T-A     0.12    0.00   -0.21  -11.75  -10.12    5.23    0.00    0.00    0.00    0.00    0.00    0.00
G-C    -0.37   -0.00   -0.19   -2.85   -4.98    3.19   -0.39    0.67    3.20   -2.06    8.73   28.22
A-T     0.14   -0.04    0.19   10.31   -3.73   -2.31   -0.34    0.03    3.07   -3.60    6.00   28.78
C-G     0.32   -0.06    0.05    6.12  -14.83   -0.28    0.90   -0.82    3.49    1.63   -4.61   31.24
T-A    -0.17   -0.14   -0.09   -0.02  -10.77    2.10    0.69   -1.28    3.50    3.87    1.84   36.44
C-G     0.43   -0.11   -0.31   -0.09   -0.57    1.65    0.01   -1.42    3.41    2.12    5.96   28.87
T-A    -0.31    0.00   -0.63   26.57    0.46    1.32    0.25   -0.92    2.88    0.63    4.92   26.58
C-G     0.38   -0.10   -0.25   12.15   -8.97    0.31   -0.73   -2.30    3.88  -10.88    2.69   31.26
T-A    -0.14   -0.09    0.03    0.17  -17.02    1.09   -1.49   -2.35    3.70   -6.91    4.16   23.48
T-A    -0.19   -0.12   -0.08   -3.81  -11.22    5.97    0.24    0.01    3.25    2.69    3.70   36.69
A-T     0.29   -0.18   -0.07    4.89  -12.55    3.67   -0.03    1.35    3.19   -1.30   12.47   28.75
A-T     0.13   -0.11    0.05   -1.69  -15.17    1.46   -0.28   -0.05    3.29   -2.40    2.52   35.94
G-C    -0.25   -0.11   -0.21   -9.52   -7.95   -0.52    1.32   -2.18    3.61    6.56    2.73   25.48
A-T     0.17   -0.05   -0.50  -24.42   -0.18    1.05    0.69   -2.24    3.87   10.16   -0.75   30.61
G-C    -0.07   -0.18    0.24   -3.69   -7.58    1.53   -0.10   -1.17    3.02   -1.28   -2.81   29.85
A-T     0.05   -0.14   -0.14   -3.14  -10.03    3.94    0.48   -1.67    3.38    5.59    7.70   26.32
G-C    -0.41   -0.03   -0.01   -6.57  -14.22    3.26   -0.29   -1.22    3.39   -3.59    2.48   36.42
T-A    -0.19   -0.10    0.17  -11.63   -5.48    1.67   -0.83   -0.83    3.48   -2.07   -5.70   32.93
C-G     0.62   -0.21    0.12   -5.70   -2.73    2.66    0.19   -0.44    3.25   -0.68    1.89   32.58
A-T     0.14   -0.11   -0.17   -3.65   -7.35    6.00    0.04   -0.60    3.26    4.14    4.41   30.82
